 12        6  8     4     1     125.00
  1  1  1  1  1  1  1  1  4  4 16 16
  None
  0  0  0  0  0  0  0  0  0  0  0  0
  2  0  0  0  0  0  0  0  0  0  0  0
  0  0  0  0  0  0  0  0  0  0  0  0
  0  5  0  0  0  0  0  0  0  0  0  0
 10  0  0  0  0  0  0  0  0  0  0  0
  0  0  2  0  4  0  0  0  0  0  0  0
  0  0  9  0  0  0  0  0  0  0  0  0
  0  0  0  0  1  0  0  0  0  0  0  0
  9  0  0  0  0  4  0  0  0  0  0  0
  0  0  0  3  0  0  0  0  0  0  0  0
  0  7  0  0  0  0  0  5  0  0  0  0
  0  2  0  3  5  0  0  0  3  0  1  0